1024 .42672000000000000000
2048 .41430000000000000000
3072 .42282000000000000000
4096 .41130000000000000000
5120 .38210000000000000000
6144 .38798000000000000000
7168 .39210000000000000000
8192 .32066000000000000000
9216 .36440000000000000000
10240 .32802000000000000000
11264 .34434000000000000000
12288 .29446000000000000000
13312 .31744000000000000000
14336 .32236000000000000000
15360 .32310000000000000000
16384 .28460000000000000000
17408 .29724000000000000000
18432 .28332000000000000000
19456 .31714000000000000000
20480 .27418000000000000000
21504 .29684000000000000000
22528 .30816000000000000000
23552 .29800000000000000000
24576 .26662000000000000000
25600 .31270000000000000000
26624 .28260000000000000000
27648 .28898000000000000000
28672 .26886000000000000000
29696 .31672000000000000000
30720 .29982000000000000000
31744 .28604000000000000000
32768 .26798000000000000000
33792 .28004000000000000000
34816 .28926000000000000000
35840 .28206000000000000000
36864 .26748000000000000000
37888 .28442000000000000000
38912 .27756000000000000000
39936 .29046000000000000000
40960 .27682000000000000000
